   -0.45750018
    0.25286663
    0.09093872
   -0.04461557
   -0.05362946
    0.11426776
    0.11232242
   -0.23927164
    0.07994347
   -0.03732328
   -0.03187891
   -0.03042974
   -0.03759575
    0.02489514
   -0.07287806
   -0.18813401
   -0.08113569
   -0.00957443
   -0.06160567
   -0.06877807
    0.03480817
   -0.13175923
   -0.00190965
    0.00777313
   -0.21739075
    0.32378847
   -0.47910832
   -0.01083694
    0.06969085
    0.06564717
    0.05508791
    0.04254175
    0.04258392
    0.04363177
    0.06672713
    0.05180450
    0.04048512
    0.04514125
    0.05219347
    0.04525657
    0.07939656
    0.03666604
    0.07326871
    0.04227442
    0.04892467
    0.17449887
    0.05134551
    0.08658523
