           1           2   1.5968444013210366     
           2           3   1.0157453603642470     
           3           4   1.4973051068778864     
           4           5   1.3586817603168257     
           3           6  0.11787107430326946     
           5           6   1.4580880602642061     
           6           7   1.1308063581825318     
           7           8   1.5998586250700413     
           8           9   1.2073237802431418     
           9          10   1.3247456335334371     
          10          11   1.4918774834343360     
          11          12   1.3878164041024044     
          10          13  0.10860274576758294     
          12          13   1.4656611188541031     
           9          14   1.2582066234090827     
          13          14   1.3860835681979942     
           7          15   1.0586793303805948     
           8          15  0.16938978805294372     
          14          15   1.1200668677564258     
           3          16   1.1080434575313565     
           6          16   1.1032677452811808     
           1          17  0.19830456838656968     
           2          17   1.2515640960992667     
          17          18  0.98937095601033631     
          18          19  0.99427543989363487     
          19          20   1.0104065413432817     
          20          21  0.98058773649378761     
          21          22  0.99104221646495483     
          22          23  0.99331984174731758     
          23          24  0.99508088774705905     
          24          25   1.0050536107350643     
          22          26   1.1528733411308245     
          25          26   1.1412854462206701     
          22          27  0.15154487288413424     
          25          27  0.14144294655101314     
          26          27   1.6103458709955563     
          17          28  0.98649776154625080     
          21          28  0.97650798278472961     
           4          29  0.97077287219286301     
           5          30  0.97152746969800718     
          10          31  0.96599417001851018     
          11          32  0.97026969189550349     
          12          33  0.96978822519473851     
          13          34  0.96837545621496468     
          18          35  0.96310914038493223     
          18          36  0.96518710109250561     
          19          37  0.97395480383852728     
          19          38  0.97379621392109872     
          20          39  0.97422514620078138     
          20          40  0.97564356284737330     
          21          41  0.94975983709217482     
          23          42  0.96731501135216980     
          23          43  0.96033052894487236     
          24          44  0.97125202472167238     
          24          45  0.97353876099911507     
          25          46  0.94192781431667416     
          28          47  0.96337947928437895     
          28          48  0.96217197591962333     
